\begin{tabular}{lrrrrrrrrrrrr}
\toprule
{} &  fixed acidity &  volatile acidity &  citric acid &  residual sugar &  chlorides &  free sulfur dioxide &  total sulfur dioxide &   density &        pH &  sulphates &   alcohol &   quality \\
\midrule
fixed acidity        &       1.000000 &         -0.029565 &     0.208569 &        0.074946 &   0.065361 &            -0.016940 &              0.077272 &  0.185510 & -0.294796 &  -0.008724 & -0.073241 & -0.065474 \\
volatile acidity     &      -0.029565 &          1.000000 &    -0.104012 &        0.072757 &  -0.003523 &            -0.054751 &              0.081319 &  0.006600 & -0.030385 &  -0.011580 &  0.023495 & -0.154787 \\
citric acid          &       0.208569 &         -0.104012 &     1.000000 &        0.015329 &   0.022292 &             0.060809 &              0.062188 &  0.061542 & -0.101307 &   0.054489 & -0.019981 &  0.014557 \\
residual sugar       &       0.074946 &          0.072757 &     0.015329 &        1.000000 &   0.155274 &             0.236748 &              0.293319 &  0.588989 & -0.125553 &  -0.002545 & -0.305601 & -0.063087 \\
chlorides            &       0.065361 &         -0.003523 &     0.022292 &        0.155274 &   1.000000 &             0.113851 &              0.257075 &  0.349119 & -0.037891 &   0.062555 & -0.404039 & -0.244856 \\
free sulfur dioxide  &      -0.016940 &         -0.054751 &     0.060809 &        0.236748 &   0.113851 &             1.000000 &              0.444696 &  0.217295 & -0.005229 &   0.035621 & -0.182539 &  0.017164 \\
total sulfur dioxide &       0.077272 &          0.081319 &     0.062188 &        0.293319 &   0.257075 &             0.444696 &              1.000000 &  0.388378 & -0.008421 &   0.108697 & -0.325826 & -0.151230 \\
density              &       0.185510 &          0.006600 &     0.061542 &        0.588989 &   0.349119 &             0.217295 &              0.388378 &  1.000000 & -0.075630 &   0.064202 & -0.635104 & -0.266598 \\
pH                   &      -0.294796 &         -0.030385 &    -0.101307 &       -0.125553 &  -0.037891 &            -0.005229 &             -0.008421 & -0.075630 &  1.000000 &   0.095823 &  0.102631 &  0.084441 \\
sulphates            &      -0.008724 &         -0.011580 &     0.054489 &       -0.002545 &   0.062555 &             0.035621 &              0.108697 &  0.064202 &  0.095823 &   1.000000 & -0.026410 &  0.026403 \\
alcohol              &      -0.073241 &          0.023495 &    -0.019981 &       -0.305601 &  -0.404039 &            -0.182539 &             -0.325826 & -0.635104 &  0.102631 &  -0.026410 &  1.000000 &  0.346672 \\
quality              &      -0.065474 &         -0.154787 &     0.014557 &       -0.063087 &  -0.244856 &             0.017164 &             -0.151230 & -0.266598 &  0.084441 &   0.026403 &  0.346672 &  1.000000 \\
\bottomrule
\end{tabular}
